      0.66      -4.18      -5.42      -3.65       1.00       0.00       0.00
      0.66      -3.74      -4.98      -3.21       1.00       0.00       0.00
      0.67      -3.30      -4.55      -2.77       1.00       0.00       0.00
      0.67      -2.86      -4.12      -2.33       1.00       0.00       0.00
      0.68      -2.43      -3.69      -1.90       1.00       0.00       0.00
      0.68      -2.00      -3.26      -1.46       1.00       0.00       0.00
      0.69      -1.57      -2.83      -1.03       1.00       0.00       0.00
      0.69      -1.15      -2.41      -0.61       1.00       0.00       0.00
      0.70      -0.72      -1.99      -0.18       1.00       0.00       0.00
      0.70      -0.30      -1.58       0.24       1.00       0.00       0.00
      0.71       0.11      -1.16       0.66       1.00       0.00       0.00
      0.71       0.53      -0.75       1.07       1.00       0.00       0.00
      0.72       0.94      -0.34       1.49       1.00       0.00       0.00
      0.72       1.35       0.07       1.90       1.00       0.00       0.00
      0.73       1.76       0.47       2.31       1.00       0.00       0.00
      0.73       2.17       0.88       2.72       1.00       0.00       0.00
      0.74       2.57       1.28       3.13       1.00       0.00       0.00
      0.74       2.98       1.68       3.53       1.00       0.00       0.00
      0.75       3.38       2.07       3.93       1.00       0.00       0.00
      0.75       3.78       2.47       4.33       1.00       0.00       0.00
      0.76       4.17       2.86       4.73       1.00       0.00       0.00
      0.76       4.57       3.25       5.12       1.00       0.00       0.00
      0.77       4.96       3.64       5.52       1.00       0.00       0.00
      0.77       5.35       4.03       5.91       1.00       0.00       0.00
      0.78       5.74       4.42       6.30       1.00       0.00       0.00
      0.78       6.12       4.80       6.69       1.00       0.00       0.00
      0.79       6.51       5.18       7.07       1.00       0.00       0.00
      0.79       6.89       5.56       7.46       1.00       0.00       0.00
      0.80       7.27       5.94       7.84       1.00       0.00       0.00
      0.80       7.65       6.32       8.22       1.00       0.00       0.00
      0.81       8.03       6.69       8.60       1.00       0.00       0.00
      0.81       8.41       7.06       8.98       1.00       0.00       0.00
      0.82       8.78       7.43       9.35       1.00       0.00       0.00
      0.82       9.15       7.80       9.72       1.00       0.00       0.00
      0.83       9.52       8.17      10.10       1.00       0.00       0.00
      0.83       9.89       8.54      10.47       1.00       0.00       0.00
      0.84      10.26       8.90      10.83       1.00       0.00       0.00
      0.84      10.62       9.26      11.20       1.00       0.00       0.00
      0.85      10.99       9.62      11.57       1.00       0.00       0.00
      0.85      11.35       9.98      11.93       1.00       0.00       0.00
      0.86      11.71      10.34      12.29       1.00       0.00       0.00
      0.86      12.07      10.70      12.65       1.00       0.00       0.00
      0.87      12.43      11.05      13.01       1.00       0.00       0.00
      0.87      12.78      11.41      13.37       1.00       0.00       0.00
      0.88      13.14      11.76      13.72       1.00       0.00       0.00
      0.88      13.49      12.11      14.08       1.00       0.00       0.00
      0.89      13.84      12.46      14.43       1.00       0.00       0.00
      0.89      14.19      12.80      14.78       1.00       0.00       0.00
      0.90      14.54      13.15      15.13       1.00       0.00       0.00
      0.90      14.89      13.50      15.48       1.00       0.00       0.00
      0.91      15.24      13.84      15.83       1.00       0.00       0.00
      0.91      15.58      14.18      16.18       1.00       0.00       0.00
      0.92      15.93      14.53      16.53       1.00       0.00       0.00
      0.92      16.28      14.87      16.87       1.00       0.00       0.00
      0.93      16.63      15.22      17.22       1.00       0.00       0.00
      0.93      16.98      15.57      17.58       1.00       0.00       0.01
      0.94      17.34      15.92      17.94       0.99       0.00       0.01
      0.94      17.71      16.29      18.31       0.99       0.00       0.01
      0.95      18.11      16.68      18.70       0.99       0.00       0.02
      0.95      18.54      17.11      19.13       0.98       0.00       0.03
      0.96      19.03      17.59      19.62       0.97       0.00       0.05
      0.96      19.62      18.17      20.19       0.95       0.00       0.09
      0.97      20.36      18.89      20.91       0.91       0.00       0.14
      0.97      21.31      19.83      21.83       0.86       0.00       0.21
      0.98      22.56      21.04      23.03       0.79       0.01       0.31
      0.98      24.10      22.54      24.52       0.69       0.01       0.42
      0.99      25.80      24.20      26.15       0.57       0.01       0.52
      0.99      27.34      25.70      27.63       0.47       0.01       0.59
      1.00      28.44      26.77      28.69       0.40       0.02       0.61
      1.00      29.10      27.42      29.34       0.37       0.02       0.62
      1.01      29.51      27.83      29.75       0.36       0.02       0.62
      1.01      29.82      28.14      30.06       0.36       0.02       0.62
      1.01      30.09      28.40      30.33       0.36       0.02       0.61
      1.02      30.34      28.65      30.58       0.37       0.02       0.61
      1.02      30.57      28.89      30.82       0.37       0.02       0.60
      1.03      30.81      29.12      31.06       0.38       0.02       0.60
      1.03      31.03      29.34      31.29       0.39       0.02       0.59
      1.04      31.25      29.56      31.52       0.39       0.02       0.58
      1.04      31.46      29.78      31.73       0.40       0.02       0.57
      1.05      31.67      29.99      31.95       0.41       0.02       0.57
      1.05      31.87      30.19      32.15       0.41       0.02       0.56
      1.06      32.07      30.38      32.36       0.42       0.02       0.55
      1.06      32.26      30.57      32.55       0.43       0.02       0.54
      1.07      32.44      30.75      32.74       0.43       0.02       0.53
      1.07      32.61      30.93      32.92       0.44       0.02       0.53
      1.08      32.78      31.10      33.10       0.45       0.03       0.52
      1.08      32.94      31.26      33.27       0.46       0.03       0.51
      1.09      33.10      31.42      33.43       0.46       0.03       0.50
      1.09      33.25      31.57      33.59       0.47       0.03       0.49
      1.10      33.39      31.71      33.73       0.48       0.03       0.48
      1.10      33.52      31.85      33.88       0.49       0.03       0.47
      1.11      33.64      31.98      34.01       0.50       0.03       0.46
      1.11      33.76      32.10      34.14       0.50       0.04       0.45
      1.12      33.87      32.21      34.26       0.51       0.04       0.44
      1.12      33.97      32.31      34.37       0.52       0.04       0.43
      1.13      34.06      32.41      34.47       0.53       0.04       0.42
      1.13      34.14      32.49      34.56       0.53       0.05       0.41
      1.14      34.22      32.57      34.65       0.54       0.05       0.40
      1.14      34.28      32.64      34.72       0.55       0.05       0.39
      1.15      34.33      32.69      34.79       0.55       0.06       0.38
      1.15      34.37      32.74      34.84       0.56       0.06       0.38
      1.16      34.40      32.77      34.88       0.56       0.07       0.37
      1.16      34.41      32.80      34.91       0.56       0.07       0.36
      1.17      34.41      32.80      34.93       0.57       0.08       0.35
      1.17      34.40      32.79      34.93       0.57       0.09       0.34
      1.18      34.37      32.77      34.91       0.57       0.09       0.34
      1.18      34.31      32.72      34.88       0.57       0.10       0.33
      1.19      34.24      32.66      34.82       0.57       0.11       0.33
      1.19      34.14      32.57      34.75       0.56       0.12       0.32
      1.20      34.02      32.46      34.65       0.56       0.13       0.32
      1.20      33.87      32.32      34.52       0.55       0.14       0.31
      1.21      33.69      32.15      34.36       0.54       0.16       0.31
      1.21      33.47      31.95      34.18       0.53       0.17       0.31
      1.22      33.23      31.72      33.96       0.52       0.19       0.31
      1.22      32.95      31.45      33.71       0.50       0.20       0.31
      1.23      32.63      31.16      33.43       0.49       0.22       0.31
      1.23      32.30      30.83      33.12       0.47       0.24       0.31
      1.24      31.93      30.49      32.80       0.45       0.26       0.30
      1.24      31.56      30.14      32.46       0.44       0.27       0.30
      1.25      31.19      29.78      32.12       0.42       0.29       0.30
      1.25      30.82      29.43      31.79       0.41       0.31       0.30
      1.26      30.47      29.10      31.47       0.39       0.32       0.29
      1.26      30.14      28.79      31.18       0.38       0.34       0.29
      1.27      29.84      28.50      30.91       0.37       0.35       0.29
      1.27      29.56      28.24      30.66       0.37       0.36       0.28
      1.28      29.30      28.00      30.44       0.36       0.37       0.28
      1.28      29.07      27.78      30.23       0.35       0.38       0.27
      1.29      28.86      27.58      30.05       0.35       0.39       0.26
      1.29      28.66      27.40      29.88       0.34       0.40       0.26
      1.30      28.48      27.23      29.72       0.34       0.41       0.25
      1.30      28.31      27.08      29.58       0.34       0.42       0.25
      1.31      28.16      26.93      29.45       0.34       0.42       0.24
      1.31      28.01      26.80      29.33       0.33       0.43       0.24
      1.32      27.88      26.68      29.22       0.33       0.44       0.23
      1.32      27.75      26.56      29.12       0.33       0.45       0.23
      1.33      27.63      26.46      29.02       0.33       0.45       0.22
      1.33      27.53      26.36      28.94       0.33       0.46       0.22
      1.34      27.42      26.27      28.86       0.33       0.47       0.21
      1.34      27.33      26.18      28.79       0.32       0.47       0.21
      1.35      27.24      26.10      28.72       0.32       0.48       0.20
      1.35      27.16      26.03      28.66       0.32       0.48       0.20
      1.36      27.08      25.96      28.60       0.32       0.49       0.19
      1.36      27.01      25.90      28.55       0.32       0.49       0.19
      1.37      26.95      25.85      28.51       0.32       0.50       0.18
      1.37      26.88      25.79      28.47       0.32       0.50       0.18
      1.38      26.83      25.75      28.43       0.32       0.51       0.17
      1.38      26.78      25.70      28.40       0.32       0.51       0.17
      1.39      26.73      25.66      28.37       0.32       0.52       0.16
      1.39      26.68      25.63      28.34       0.32       0.52       0.16
      1.40      26.64      25.60      28.32       0.32       0.53       0.16
      1.40      26.61      25.57      28.30       0.32       0.53       0.15
      1.41      26.57      25.54      28.29       0.32       0.54       0.15
      1.41      26.54      25.52      28.28       0.32       0.54       0.14
      1.42      26.51      25.50      28.27       0.31       0.55       0.14
      1.42      26.49      25.48      28.26       0.31       0.55       0.14
      1.43      26.47      25.47      28.26       0.31       0.55       0.13
      1.43      26.45      25.46      28.26       0.31       0.56       0.13
      1.44      26.44      25.45      28.26       0.31       0.56       0.12
      1.44      26.42      25.45      28.26       0.31       0.57       0.12
      1.45      26.41      25.44      28.27       0.31       0.57       0.12
      1.45      26.41      25.45      28.28       0.31       0.57       0.11
      1.46      26.40      25.45      28.29       0.31       0.58       0.11
      1.46      26.40      25.45      28.31       0.31       0.58       0.11
      1.47      26.40      25.46      28.33       0.31       0.58       0.10
      1.47      26.41      25.47      28.35       0.31       0.59       0.10
      1.48      26.41      25.49      28.37       0.31       0.59       0.10
      1.48      26.42      25.50      28.39       0.31       0.59       0.09
      1.49      26.44      25.52      28.42       0.31       0.60       0.09
      1.49      26.45      25.54      28.45       0.31       0.60       0.09
      1.50      26.47      25.57      28.49       0.31       0.60       0.08
      1.50      26.49      25.59      28.52       0.31       0.61       0.08
      1.51      26.51      25.62      28.56       0.31       0.61       0.08
      1.51      26.54      25.66      28.60       0.31       0.61       0.08
      1.52      26.57      25.69      28.65       0.31       0.61       0.07
      1.52      26.60      25.73      28.69       0.31       0.62       0.07
      1.53      26.64      25.77      28.74       0.31       0.62       0.07
      1.53      26.68      25.82      28.80       0.31       0.62       0.06
      1.54      26.72      25.87      28.85       0.31       0.62       0.06
      1.54      26.77      25.92      28.91       0.31       0.63       0.06
      1.55      26.82      25.98      28.98       0.31       0.63       0.06
      1.55      26.88      26.03      29.05       0.32       0.63       0.05
      1.56      26.94      26.10      29.12       0.32       0.63       0.05
      1.56      27.00      26.17      29.19       0.32       0.64       0.05
      1.57      27.07      26.24      29.27       0.32       0.64       0.05
      1.57      27.14      26.32      29.36       0.32       0.64       0.04
      1.58      27.22      26.40      29.45       0.32       0.64       0.04
      1.58      27.30      26.48      29.54       0.32       0.64       0.04
      1.59      27.39      26.58      29.64       0.32       0.64       0.04
      1.59      27.49      26.68      29.74       0.32       0.64       0.04
      1.60      27.59      26.78      29.86       0.32       0.65       0.03
      1.60      27.70      26.89      29.97       0.32       0.65       0.03
      1.61      27.81      27.01      30.10       0.32       0.65       0.03
      1.61      27.94      27.14      30.23       0.32       0.65       0.03
      1.62      28.07      27.27      30.37       0.32       0.65       0.03
      1.62      28.22      27.42      30.52       0.33       0.65       0.02
      1.63      28.37      27.58      30.68       0.33       0.65       0.02
      1.63      28.54      27.75      30.86       0.33       0.65       0.02
      1.64      28.72      27.93      31.04       0.33       0.65       0.02
      1.64      28.92      28.12      31.24       0.33       0.65       0.02
      1.65      29.14      28.34      31.46       0.34       0.65       0.02
      1.65      29.38      28.58      31.70       0.34       0.64       0.01
      1.66      29.64      28.84      31.96       0.34       0.64       0.01
      1.66      29.94      29.13      32.26       0.35       0.64       0.01
      1.67      30.28      29.46      32.59       0.35       0.63       0.01
      1.67      30.67      29.85      32.97       0.36       0.63       0.01
      1.68      31.14      30.31      33.42       0.36       0.62       0.01
      1.68      31.71      30.86      33.97       0.37       0.61       0.01
      1.69      32.44      31.58      34.67       0.39       0.59       0.01
      1.69      33.44      32.54      35.62       0.41       0.56       0.00
      1.70      34.92      33.97      37.01       0.43       0.51       0.00
      1.70      37.36      36.33      39.31       0.49       0.41       0.00
      1.71      42.07      40.87      43.74       0.59       0.20       0.00
      1.71      50.88      49.39      52.04       0.80       0.10       0.00
      1.72      55.04      53.41      55.98       0.90       0.05       0.00
      1.72      57.13      55.43      57.96       0.95       0.02       0.00
      1.73      58.24      56.51      59.03       0.98       0.01       0.00
      1.73      58.88      57.14      59.65       0.99       0.01       0.00
      1.74      59.30      57.55      60.06       0.99       0.00       0.00
      1.74      59.62      57.86      60.37       1.00       0.00       0.00
      1.75      59.87      58.12      60.62       1.00       0.00       0.00
      1.75      60.11      58.35      60.86       1.00       0.00       0.00
      1.76      60.33      58.57      61.08       1.00       0.00       0.00
      1.76      60.54      58.78      61.29       1.00       0.00       0.00
      1.77      60.75      58.99      61.50       1.00       0.00       0.00
      1.77      60.96      59.19      61.71       1.00       0.00       0.00
      1.78      61.17      59.40      61.92       1.00       0.00       0.00
      1.78      61.38      59.61      62.13       1.00       0.00       0.00
      1.79      61.58      59.81      62.33       1.00       0.00       0.00
      1.79      61.79      60.01      62.54       1.00       0.00       0.00
      1.80      62.00      60.22      62.75       1.00       0.00       0.00
      1.80      62.20      60.42      62.95       1.00       0.00       0.00
